225
1996 12
30382 63868 73587 26562 15683 24317 69113 33775 67027 34632 40074 83088 
9566 10
52477 57624 65721 48216 76358 44518 60741 85657 3302 41865 
69 13
61389 68154 51531 84681 86023 24952 65739 92147 5808 11810 61912 52387 35067 
9629 17
76914 33547 63036 87028 69054 51633 13258 29531 18160 50041 56195 88717 60819 1721 30591 37812 8705 
9926 19
60582 88696 93284 90990 60362 71798 78372 83446 47992 61502 56215 85636 31119 84581 64989 28125 81947 96756 51440 
7407 17
71967 84012 19051 99915 65910 88573 17054 56070 58136 75113 18397 5091 72956 90246 64217 46170 41471 
5427 14
25335 48764 78939 92912 33340 16191 60495 95337 75811 28677 37203 70834 13678 96387 
6218 16
28704 99660 71790 9772 18018 21458 11167 26004 97296 70536 66609 93996 36207 78879 52549 90010 
54 16
67037 84312 25896 13920 66803 72890 42403 52778 1443 50638 97254 81349 16396 49211 24468 30585 
75 12
72551 43652 28823 22522 43815 92243 80304 45665 65236 19632 28878 90752 
6857 15
15612 86137 18415 61611 70698 716 20089 62817 68854 63757 86539 59017 98015 87451 9302 
5555 16
43114 41617 26780 15588 5128 48511 40617 72557 77368 44824 52666 43089 53231 21604 3773 88406 
1551 19
57630 56068 37223 9404 57225 8504 4790 2684 97317 68416 88606 44066 60973 97265 34746 12481 51535 41567 21609 
6851 20
7601 88250 6744 10565 53761 4614 88064 75447 29042 34749 67363 13616 20274 58695 75112 19728 13606 80767 89482 10621 
643 18
80377 73064 23442 87427 71602 81916 65144 55374 62582 28243 99460 16021 4375 39678 84711 1126 8537 36961 
3408 10
37749 60133 75755 52769 90131 1900 3429 72808 31704 56881 
2786 14
37310 15562 29626 88803 99560 10714 7537 53376 38790 72419 55427 25368 27246 34993 
240 20
55689 37891 72409 49892 21367 95355 1622 88217 76863 73126 54767 43496 69382 14528 76683 90766 28567 15674 69742 63303 
9689 14
52717 16618 25065 24717 82941 57232 92443 20901 99959 26460 41822 99017 52173 99039 
2730 20
18560 63811 35101 60416 66784 71854 70104 76645 91768 12548 54344 67025 18595 27652 40990 13444 93833 17174 48575 8906 
7586 17
84757 80378 13396 79659 49041 72084 8613 27731 73573 79780 65559 34950 95048 46510 27049 18042 9314 
4609 10
45675 27165 18618 64112 14716 88403 23197 31435 4505 98779 
1318 20
30334 99962 14868 53550 80494 57100 10334 95654 15196 98679 61901 55870 81761 31460 29097 44748 97398 33648 49411 82763 
3840 15
96164 16237 5334 57288 77180 16075 82945 78316 22963 81718 85873 35383 99721 87178 21985 
689 17
32873 68624 1684 96861 16153 94276 23254 49548 18401 41102 83589 25651 44581 39002 16470 83528 35758 
1113 13
51111 68200 5952 52266 71738 92130 56563 29243 70689 87168 78953 47297 36323 
7647 10
85014 68095 29782 85007 64308 23892 30432 48307 42261 23555 
998 19
87016 84235 528 88412 5972 10341 71692 13501 94734 62563 73761 57320 47320 48139 75094 84043 89149 62403 47095 
9126 11
87725 93125 95054 7305 5255 50558 8598 92754 5381 64529 69043 
8738 17
34438 20614 68221 1081 46844 42857 89237 2052 92795 33701 88550 485 69069 47390 10840 36519 41936 
2347 20
34633 76329 154 56651 73655 12833 97212 15830 81311 68990 34009 27492 18376 90660 5867 36611 58160 25196 52967 5826 
7370 17
8449 1927 62651 51133 4885 35996 55520 90693 42726 82378 40079 90353 7630 30860 71647 68464 7984 
7199 14
24487 45151 27031 63115 60924 74428 61915 68792 12935 62380 76608 38452 51920 14 
322 14
37233 86071 41345 22915 26229 52127 65870 72500 6746 11553 24630 98762 96607 47789 
8972 18
22086 75702 14273 71802 41535 5849 30077 17654 51830 16737 20421 62478 53092 85864 73211 45606 10030 77649 
6273 13
857 43226 75959 12488 97091 76040 62490 95368 12008 64713 60312 5951 12290 
385 19
27961 64935 85030 75198 20230 89658 79563 46061 71824 10430 19789 10835 62077 29176 2855 9421 43379 78224 35746 
8428 16
78117 13466 31962 36602 98176 92951 24258 99270 90875 39847 71008 93641 11796 92701 47424 33681 
8976 20
99108 935 11277 65931 89239 74851 53060 12849 78872 73120 10516 7834 3108 64180 33228 82073 43847 99779 51487 6077 
9959 14
4214 58183 7285 44815 52749 26480 38560 9752 77174 14715 96191 6915 20609 98864 
2276 15
16594 88880 49600 40974 53887 39529 60061 28198 83080 75298 80809 50057 59168 43859 22235 
4208 15
47545 53383 65336 53764 85074 3478 80713 72542 11273 77200 79637 10595 87539 67397 67349 
8456 18
82828 3184 63525 35882 22327 75132 99130 26636 81486 92738 27441 82417 586 15356 4362 56892 57733 12378 
9679 12
44680 72076 14328 40355 29676 47337 95311 15921 99983 5315 21988 57609 
3650 12
19999 19126 43650 9220 35380 59147 61795 53189 54281 84273 13681 84962 
8973 20
76599 52515 8089 94822 80592 18526 32010 72550 35726 20203 75414 54002 42555 6258 65888 82094 3804 16911 43139 103 
9422 15
31735 41978 50055 23606 4635 52134 95760 48424 23360 737 2232 25135 34752 16162 87083 
8033 18
2919 8024 90525 38348 44501 88568 29245 46948 55854 41502 99271 73056 64948 85106 26887 68909 86261 87991 
4343 10
98181 6854 2801 51840 27144 14267 30423 98499 63682 7638 
7629 11
46107 84700 58322 92782 45340 41662 63511 85034 75518 29847 44723 
9806 20
3034 7833 27565 5897 66069 66792 23799 91531 48636 63040 51194 25166 32539 75753 17347 90405 26491 45685 5999 49240 
2509 10
14228 44888 15991 42915 2006 72907 17423 63796 16645 99990 
3298 13
44067 56286 84182 84332 84479 68128 53145 79524 95305 5825 66225 61259 27977 
9161 12
28820 86004 22360 58675 49589 88825 43394 48675 27959 63463 59598 49010 
3785 18
88880 40279 45841 56971 66502 59935 22833 57074 50592 87922 31957 83734 92936 35220 10155 78712 16133 74589 
6833 13
66898 58466 34697 61538 19467 83173 17035 98776 98092 18881 133 18372 96624 
2926 15
54429 40328 65807 38518 73405 71063 64459 40243 766 79790 1535 3508 43807 58374 28810 
6535 11
82449 90022 41789 58169 86490 73654 47292 85998 36114 87029 37635 
5017 20
1990 71607 33967 20467 31031 62360 90077 54423 90889 4977 17889 46805 85280 97297 8655 4919 27933 4551 6203 33319 
1068 13
33363 71841 54924 3180 82480 43056 51243 37593 54784 94162 13243 58139 4131 
5664 19
90558 48407 99451 46966 62042 59453 89379 79939 64089 71750 23238 92874 56387 74449 23990 26666 47216 35355 6082 
165 19
70232 77458 56855 28355 37089 6338 82111 76135 81958 78600 57068 71402 78531 77356 91426 51720 33518 88798 29967 
4707 13
51038 61388 66824 22690 19297 60478 95990 17278 26328 32447 43031 85339 52851 
5934 12
43197 2096 25573 93200 83879 83038 784 70280 20981 42818 10181 61008 
6235 20
54675 98310 2510 89751 51514 33564 21213 14188 78483 27975 20599 23126 10813 67868 16201 74048 89434 85956 44347 43368 
9249 18
42290 77057 85493 5205 77217 45327 20760 80125 10290 82320 46240 39161 45659 8408 53510 61718 26252 86535 
3659 11
90038 26962 34572 92167 93110 31524 10369 49798 39074 90912 81871 
3393 13
89700 52569 80043 66582 53682 39087 83028 55160 87456 17335 38047 63426 14312 
359 13
13565 52966 82630 76634 29604 62847 30292 41001 39537 81152 80041 1038 49664 
7753 20
54794 20565 40904 63811 93271 61078 1329 30923 77982 92741 91502 49273 66184 80803 42937 51085 98850 73238 58291 86372 
5828 19
31959 92313 83035 82543 38708 26996 26011 99593 32761 19665 96799 8329 81474 3214 74067 6750 86146 71257 93889 
9250 14
64333 91350 85035 44363 81473 22362 56990 26902 40283 47229 50572 401 36413 13243 
6352 18
42358 31336 45271 49638 61506 34590 27570 65044 40118 66726 43860 95531 23511 38972 64329 42176 77842 3993 
5142 12
89850 85622 72067 21438 72353 56963 94670 25283 94091 84764 38870 98935 
645 13
84181 55001 98599 29121 18510 6448 19778 41048 3243 26267 47155 34872 35601 
2007 19
81808 68230 41736 90276 15539 71235 34283 38015 9537 8237 86760 31316 65964 12360 97125 25632 35018 61414 33004 
7142 16
14558 43691 35387 19387 69766 72642 5224 61807 1585 27558 67052 76010 51013 98014 31774 1536 
1812 20
90159 89310 81393 52135 40192 89741 97811 38890 66766 85113 78702 53322 87752 86931 87679 65584 26813 54479 78892 52496 
6558 15
92724 1310 29905 13742 92593 32443 55430 38168 8947 35358 57102 63398 39113 18817 20371 
6385 16
98745 10866 97321 74546 96401 73316 91028 60313 62682 63976 27684 84616 43475 93346 21740 63619 
4868 11
71536 60537 84747 29978 26822 34537 98677 43937 18871 93489 83325 
4604 13
82423 12035 96775 63847 97600 66708 2724 98772 43924 39649 41997 15376 5038 
1231 10
24078 67879 84602 69045 93993 90934 62763 46637 95083 50913 
518 20
77077 46188 18559 96228 72282 61006 28857 87760 15787 49205 39438 91668 45991 77244 23081 83144 2479 50495 17225 58061 
2621 10
36375 11533 98977 80245 64707 17450 39545 91131 83088 26623 
1463 17
80195 57434 93555 65170 3321 88137 33650 38005 55955 23948 39425 55163 84897 62003 83059 27997 32396 
2900 12
63775 64218 51805 28661 71673 15207 47321 5624 8159 314 21725 42158 
3338 18
79349 81041 50358 92852 7264 73016 75423 42090 2571 52575 88522 96339 38233 95500 6544 18208 57310 29527 
2044 20
29958 39554 69029 71861 27066 89068 25945 63471 64546 92294 79761 7230 69976 59429 90947 34336 2766 73699 63723 84863 
1587 17
60721 45594 11356 32324 14232 48070 24065 41283 70705 28079 94412 58081 12880 62849 92483 54053 51741 
6370 20
33734 88380 46583 427 32239 37690 34253 18097 91160 32566 93433 94898 93870 3501 84683 48312 43840 60385 40362 25601 
5229 13
77406 50471 40749 70500 92779 40015 22332 70909 45569 23585 21609 46851 33429 
5444 18
10256 61132 20854 3652 18930 47063 84560 98166 48021 6503 49271 18787 2622 53417 33361 65462 17988 48914 
7343 14
90525 31099 30079 40618 23372 74988 41362 54622 40902 60078 80542 50309 46001 57678 
3158 12
36749 31781 32626 16439 63923 77539 37816 35969 62763 65580 74000 45045 
4300 16
67648 39613 31061 16592 31821 24425 14456 3956 46790 40386 64394 76046 54399 11033 70905 36569 
3218 14
97500 37840 95143 59691 5162 1010 52401 23072 46846 86848 23405 55521 84101 65795 
7392 11
14046 31634 57124 99762 94898 61742 41434 12413 29265 6165 53723 
1927 15
40567 86437 73243 91736 23592 23729 3347 37925 57500 25473 77772 33481 45031 32340 27236 
1008 18
57938 78515 46188 13092 96445 51508 27054 27777 31576 49419 78428 2818 65480 52669 95842 84098 56557 16964 
1267 20
96082 17825 66432 40834 13994 5885 53688 9506 34469 39525 592 30878 9453 62486 90776 67886 91226 82685 18473 2829 
858 10
48049 78640 23842 16748 54890 22934 26965 83065 56199 64479 
8524 17
49198 72968 17897 74016 20895 35140 21150 57504 43774 88200 63307 11323 1256 47402 71904 14017 55501 
5094 18
31735 82605 42126 66827 59218 68166 73576 49277 45437 35863 35148 67580 88548 80524 4146 24566 34413 64846 
5023 19
71227 57179 42712 75447 32205 66078 8667 54788 85676 13803 72850 31201 82184 73933 50887 5825 90649 87136 44869 
2187 15
58501 50471 71719 90785 64298 81748 99474 74771 37181 58897 33483 24285 29389 36303 94012 
9259 20
74440 88182 59748 27699 61950 99710 10014 41786 91925 26841 45917 49273 8067 27425 27456 87543 52538 56767 5466 75674 
7466 13
16046 20898 13826 71446 58751 92083 13300 24447 85827 87747 38969 39625 55929 
9190 20
96357 1958 45448 64270 18878 19799 36270 50787 26855 69650 73766 50452 36196 52626 81730 85464 6343 82163 37077 30253 
6694 14
43114 29563 78535 51500 93434 34659 95283 87237 8661 71961 27826 47023 6928 81013 
9600 18
84139 64856 87758 69973 48526 67015 29343 92817 19053 99091 53341 35134 78409 77425 84785 36851 83775 56260 
5006 20
54408 54828 50106 68314 43268 21514 30427 91079 53649 6050 25614 12938 18289 57867 64415 76702 46101 95257 35815 39830 
6477 12
54594 93840 34387 3333 73936 7617 30083 72353 93482 30467 10324 55151 
1526 18
49380 55383 50207 60687 46236 32302 6366 17543 22533 76068 90084 52941 32737 69806 69094 97275 75968 9957 
1870 17
36793 17983 60250 32814 93475 7120 92192 81883 92179 97204 46532 47604 9367 74884 772 65523 92730 
3682 16
60921 13780 4716 26532 98236 4708 60112 90721 16664 42226 35033 72719 10616 39526 62604 31207 
9521 10
95985 55020 18293 35008 13325 88757 93273 29728 35497 94174 
8180 14
95481 61325 28946 41992 78188 54818 52039 9612 2533 75155 65147 50585 98201 47789 
4819 11
31965 81331 90984 557 60756 75208 60731 99325 84548 26213 63796 
5840 11
12494 39061 70067 7708 27613 9233 8068 18131 15468 62095 7579 
4741 14
60103 88558 56904 7262 14982 46894 79541 30807 40058 11211 68621 77687 79975 29095 
6767 16
60472 6143 27318 1299 46386 85726 38202 40514 48198 96093 52410 82419 8860 26393 42432 44190 
5390 20
1629 26973 91957 41659 46059 96555 76674 98409 37734 9937 80485 5053 65140 61675 83944 32506 75021 41223 6763 41258 
9781 12
72280 12902 80745 41292 81815 78276 66930 28096 48639 34317 47602 23325 
4658 14
46938 2774 7438 89209 87964 9414 12533 71242 96044 52626 2620 23080 39637 19343 
9086 17
67525 4132 71945 15158 16136 69144 57292 91913 77493 70550 47245 130 4626 68413 82063 60589 52586 
1181 11
5320 29214 27377 28042 4193 28899 83554 92124 12567 78261 74718 
2831 18
93596 15419 93973 22273 38304 98578 47150 45097 28660 27785 44596 19327 95479 34178 87748 23139 3628 82123 
1134 20
97847 75431 25465 54712 98064 23881 74091 20869 56435 73491 56195 4977 64372 30164 23150 92712 99114 86112 98053 58042 
9614 10
10899 83437 81235 74250 64146 7825 29772 97583 35009 5167 
4820 12
16363 44794 51353 47110 76438 23528 34392 41889 7553 98860 33462 59744 
8882 18
7833 25142 32131 24495 39812 77284 73374 60310 50808 68935 73688 71145 92822 83117 60010 38180 95789 64412 
4844 13
14200 15524 24410 53528 57653 72477 30271 33064 68542 92499 95477 84617 62163 
9437 18
63959 29046 54626 79888 7993 26585 57399 15267 84345 22126 42750 9563 18572 78953 78864 61983 44727 9879 
2366 15
77114 65455 49331 1973 51078 60684 39807 1659 49368 15075 93864 78503 31925 6938 90125 
8849 13
62967 99175 19806 97528 66520 36545 88498 5223 73029 78663 42341 43003 74292 
7734 20
95387 92277 95683 76638 73853 108 42257 25989 59922 27975 16254 60539 23806 12479 47672 90738 41152 70372 96541 10068 
400 13
40822 45706 61144 31075 78204 73180 14683 81748 35436 57054 50989 87873 10808 
4037 15
14868 98773 10238 57868 36940 47427 81436 84441 54646 25943 37484 15345 90516 79528 56820 
3470 15
20558 98740 83206 73037 46955 33836 78132 77800 56067 88324 41087 72116 20222 44068 23632 
6008 20
29920 45867 5250 34661 11410 84551 87851 79165 43410 24401 60417 96729 54791 36282 49132 29348 34879 80558 14507 65795 
1091 16
92944 94594 9902 89062 85312 79246 20787 36233 25877 10702 68059 42433 52327 69642 88979 23855 
3163 20
41984 60958 20642 24492 38375 39621 8824 26781 61612 9937 96248 37797 94062 44178 2141 85243 18068 41173 62759 71380 
2131 19
39127 40821 96117 58267 57250 32293 28303 63610 30118 96149 83882 5323 4950 49793 98680 60033 35568 99241 70660 
1290 11
38405 22202 75121 56662 88267 36690 17224 86429 23762 42661 45281 
713 17
76825 61069 40408 3566 91155 87028 28713 45387 49475 28565 82198 32643 96448 89016 8217 52742 74248 
2373 20
92511 95985 99184 91996 57460 60194 5275 42763 81065 90410 29834 80114 79075 60599 80700 56102 90475 33766 12505 2562 
1596 15
79620 43430 75356 60540 25014 30880 29111 76098 99733 15116 66979 11141 5745 19531 2125 
1466 12
82007 48583 17274 97446 81197 5870 18454 40255 98255 13167 20079 91699 
1907 11
20878 48874 51976 46720 32833 60202 23642 17083 99838 80149 87661 
6651 15
97922 17235 75521 51614 71387 21468 47244 74736 24752 52850 42422 56279 10564 34061 60822 
1306 16
18406 25357 75924 1576 62833 49587 75598 99144 99346 26765 10249 4434 61434 10073 11920 62253 
4991 13
94539 71099 52266 11289 6206 8806 32386 29939 65955 12143 40319 65617 99227 
1192 20
3642 73614 93095 57282 40448 97350 41635 46738 24015 10881 24210 35148 93879 16515 2495 6912 7660 66298 72602 93215 
3327 14
91558 56706 47152 70104 43911 85246 43851 27207 74246 90583 4612 23936 31096 42854 
5663 17
47686 52013 19879 37358 81716 62251 56926 40617 11433 70280 45285 27257 88330 44041 71284 44330 71163 
1817 11
17796 47886 79166 83564 54196 96901 86213 71909 31560 81138 5211 
874 19
82426 74434 74413 19966 92719 89901 49933 47118 92235 16240 13886 75422 21087 65799 34062 71667 65360 53057 20039 
2826 18
42833 27031 27319 94735 69989 96238 65409 22339 89284 769 37111 6595 52052 9304 17651 40478 8700 42370 
426 11
48728 5242 69733 49744 6427 63707 89569 34598 47318 98210 44266 
5518 10
96274 3768 9698 53113 65759 39802 22482 33826 31128 59737 
5858 14
89982 36776 61045 86090 48787 21832 73185 81031 35106 44204 71667 25631 90818 83611 
9308 12
90102 28271 91326 40543 3306 13737 88640 16272 56228 76024 56230 91396 
8450 19
48365 65968 28509 74610 52759 25301 24474 12668 42454 60389 44254 28983 48071 32778 18541 14602 46318 96231 40969 
390 12
56865 93428 32055 58769 96393 17443 40025 30038 14246 99637 56932 84434 
2124 16
75291 45414 98474 5909 86917 51097 52177 79976 53071 17466 65630 73227 40359 7134 89146 8319 
3358 20
19128 76535 88505 87713 56633 52329 8879 93001 75103 49444 51928 38521 50566 99469 509 64746 3125 4134 42331 2243 
688 18
22656 6101 60412 50065 12536 81903 17946 22826 43277 71898 23263 91812 30528 49316 7324 74377 68621 87029 
988 12
44001 6369 94636 63674 680 30576 51099 82782 79548 60135 5653 25124 
5079 18
92329 40742 22152 33243 21014 89780 72914 5740 77706 96146 78166 56289 75525 65431 51137 81583 39335 76030 
4600 10
37460 8445 62439 22180 3579 69772 44640 70670 42989 36120 
3229 15
99601 45433 43290 25510 14939 60149 43248 45081 10429 35511 9100 76434 96380 65445 74019 
1012 12
96698 52998 24508 74354 59172 30549 984 31213 23111 33599 91776 83045 
2093 12
30567 58161 59479 51882 48718 15301 31262 64266 81374 91657 82254 71921 
4987 15
97016 98236 77044 19561 82912 24986 83561 76805 41791 85808 10586 92545 25111 21565 55427 
2405 10
90529 84313 74637 23160 47038 63306 45317 12715 37131 94650 
7280 15
80899 6392 93565 38742 1658 24479 5116 55355 35081 2535 88372 35778 5917 4380 86327 
3175 17
35385 22989 77147 94408 30241 7023 5361 80390 87567 41960 12851 47318 36081 53802 27942 37994 97155 
4656 18
55114 20809 60252 87210 44478 60443 3111 81859 83099 65456 66921 79388 68644 26279 8354 88121 10071 87991 
4426 16
78751 55935 17391 4953 83615 49493 49222 38629 50660 26942 54725 2486 56976 38032 92276 2047 
1903 12
5242 43250 672 34099 97560 10986 83885 14954 18107 34289 72687 12984 
7579 10
38358 15040 4869 94876 28899 20713 13707 94363 90586 14658 
7253 15
29308 980 36953 57294 31017 87335 7500 12126 88392 6343 86415 49344 37258 53818 50889 
2037 12
87759 50694 35150 70589 35709 17353 73499 56896 41347 59677 84588 11349 
2933 10
56416 22198 88362 99932 37321 51994 74500 48831 73492 7720 
7189 19
46994 23384 54477 36245 42935 42169 20099 63674 15573 72117 86771 26964 96170 81636 17151 62019 68642 80296 92857 
4255 20
81866 86820 56287 86341 72649 86205 43634 64636 77860 30433 96564 4701 67242 99761 82795 26711 80831 49819 63616 36939 
4386 20
55589 76411 81146 63486 27770 25605 55159 51559 8144 74910 53983 20278 58984 1441 41768 41057 51286 70149 2757 50686 
4216 12
90448 99160 8104 97682 68366 74336 48586 86874 52650 74349 45588 63470 
8438 20
3114 31212 41446 53808 68430 61081 97309 81484 13091 89572 28485 19863 24174 66624 38585 84615 32997 32161 10531 48060 
6071 10
14499 8331 69243 27645 85117 26744 8851 24260 89757 66149 
5908 13
78996 98233 75011 93760 68318 97690 76401 55604 70351 85511 41873 11257 36780 
5442 19
46339 77040 39546 11185 4414 8369 5966 65527 50758 90500 24380 84803 19549 82770 38414 76131 31644 88037 1754 
2177 18
31104 65697 64068 55049 30923 48816 11461 8328 8483 72534 85483 25795 66445 87213 68404 74391 25679 39013 
3328 13
66257 60333 26713 68887 70920 47850 26667 12262 67785 57902 80203 16127 7347 
9657 16
15316 91483 21908 53488 95708 50592 56772 96823 42476 49132 19761 59324 83238 59737 49748 79366 
5823 13
88220 13532 49895 79718 66275 24400 55451 38145 9684 56423 86849 73523 62045 
4543 13
11018 71611 8281 13627 74817 49878 2411 491 35916 73702 61900 52797 85921 
1123 11
84388 15386 81414 60904 13407 25432 58159 92945 62034 39015 32793 
2999 16
30010 37557 65911 36727 61148 11324 55843 58715 93224 28479 47046 44434 19735 83334 13755 50107 
339 18
55575 72357 17915 46187 86688 37593 13498 52082 34201 19998 36061 42160 43697 69372 88088 79228 27942 77635 
9134 19
89613 57053 64323 39648 67811 42836 61407 67797 67551 44669 46377 99977 52253 36801 82551 78146 13392 86535 968 
1401 20
21662 36831 18325 32087 99567 40839 88283 25313 59882 89744 35776 650 63603 33765 10209 4430 85309 63672 77727 41249 
2036 20
40670 27844 83062 92696 45700 24556 51581 16038 63312 34011 93088 21988 83164 81755 94494 84093 4076 81429 13604 98617 
6624 13
86738 16173 71019 65680 38905 80062 64750 82094 45683 61135 10286 78491 75489 
5907 16
44730 8334 73383 99556 33387 94829 96248 67432 86553 4250 8164 23860 57638 42866 14760 37812 
1969 20
92789 69385 11470 69470 29883 36256 22896 36173 84262 68251 88099 14936 37280 62422 46941 16318 77812 51253 36425 37785 
502 15
61131 63241 9270 72213 51243 1875 35952 652 5640 23199 89758 32577 85597 36532 35353 
6861 12
28369 56229 85558 70774 36074 44013 56164 77632 65175 36319 41036 80548 
67 20
97380 10379 80138 17819 38474 53171 78606 23088 96609 19160 43532 29957 3776 56251 8420 70823 43389 97315 66461 13875 
3884 11
48650 12359 67465 48563 79821 16854 29028 63567 13120 33648 35026 
9692 17
991 12574 90107 94674 59362 89000 4046 53196 17138 49181 6893 38246 70740 10196 45235 44492 95232 
2791 13
45527 3902 94423 9113 59542 90458 35754 237 74206 79406 17202 19717 17394 
396 15
40102 69934 89700 51247 3402 72713 75550 77475 59885 80406 55748 99307 77916 70800 29858 
4895 14
93867 10040 78650 21696 26707 35229 98876 44937 32581 88698 72747 41089 14277 92307 
8471 18
78117 94993 69879 35984 16276 82112 8621 88411 56064 34159 84197 59116 96319 85198 55075 33641 95942 94936 
9306 12
32342 34662 19547 22396 22966 80450 95861 90894 47157 98970 69169 44708 
8423 16
5489 13393 14338 47830 22740 41306 19160 29615 97865 99761 15879 11968 38085 90888 22744 83657 
4077 15
24347 759 36514 80141 36959 38701 50568 92882 49514 57190 82847 30650 10864 31984 90010 
8924 20
12031 37607 75238 70709 11531 35164 63884 4045 74346 94983 39946 96539 82408 19112 35280 43711 36417 18916 60589 3317 
6598 19
32414 24299 39829 48369 26647 54550 2997 46416 71378 72832 36736 48821 93202 37131 662 93894 51440 27971 43454 
7748 20
19456 47953 34170 90231 35936 71239 58724 56177 6903 90146 17877 9749 86220 81834 9768 47744 29529 2479 62119 5310 
3548 11
40089 7620 43615 85798 98495 18494 15037 49240 69461 72581 62046 
6601 14
17231 51301 23397 72784 73875 33026 10989 96661 70705 54476 79351 49250 1255 22199 
3644 16
29163 89394 54716 16804 77930 8768 95866 38337 29824 8942 2771 61786 1817 87659 34353 19596 